# relative_time, cycles_done, cur_item, corpus_count, pending_total, pending_favs, map_size, saved_crashes, saved_hangs, max_depth, execs_per_sec, total_execs, edges_found, total_crashes, servers_count
62, 0, 0, 66, 66, 1, 53.33%, 10, 15, 2, 926.93, 45534, 32, 84, 0
67, 0, 0, 67, 67, 1, 53.33%, 11, 15, 2, 962.38, 50257, 32, 96, 0
72, 0, 21, 71, 59, 4, 53.33%, 11, 15, 3, 732.15, 54014, 32, 103, 0
77, 0, 11, 75, 50, 0, 53.33%, 12, 16, 3, 731.61, 57262, 32, 116, 0
83, 0, 74, 76, 49, 0, 53.33%, 13, 16, 4, 530.16, 59858, 32, 120, 0
89, 1, 64, 78, 39, 0, 53.33%, 13, 17, 5, 137.32, 64115, 32, 141, 0
94, 1, 32, 79, 26, 0, 53.33%, 13, 17, 5, 1026.85, 68080, 32, 171, 0
99, 1, 40, 82, 18, 0, 55.00%, 13, 17, 5, 716.61, 71541, 33, 186, 0
104, 2, 41, 83, 14, 0, 55.00%, 13, 17, 6, 1396.36, 75731, 33, 204, 0
109, 2, 3, 85, 12, 0, 55.00%, 13, 17, 7, 519.87, 79751, 33, 215, 0
114, 3, 40, 86, 10, 0, 55.00%, 13, 17, 7, 550.06, 82684, 33, 231, 0
119, 3, 3, 87, 10, 0, 55.00%, 13, 17, 7, 590.48, 85072, 33, 258, 0
124, 3, 40, 89, 9, 0, 55.00%, 13, 17, 8, 472.00, 89891, 33, 318, 0
129, 4, 41, 89, 8, 0, 55.00%, 13, 17, 8, 583.79, 92912, 33, 334, 0
134, 4, 32, 89, 6, 0, 55.00%, 13, 17, 8, 656.09, 95997, 33, 348, 0
139, 4, 15, 89, 5, 0, 55.00%, 13, 17, 8, 581.28, 98571, 33, 375, 0
145, 5, 3, 89, 5, 0, 55.00%, 13, 17, 8, 518.52, 101034, 33, 380, 0
150, 5, 18, 89, 5, 0, 55.00%, 13, 17, 8, 475.43, 103530, 33, 390, 0
155, 5, 40, 93, 8, 0, 55.00%, 14, 17, 9, 335.64, 112847, 33, 507, 0
160, 5, 3, 93, 7, 0, 55.00%, 14, 17, 9, 485.50, 115521, 33, 514, 0
165, 6, 18, 93, 6, 0, 55.00%, 17, 18, 9, 884.97, 118339, 33, 593, 0
170, 6, 91, 94, 7, 0, 55.00%, 17, 18, 10, 556.93, 121200, 33, 689, 0
175, 6, 3, 94, 4, 0, 55.00%, 17, 18, 10, 679.73, 124954, 33, 721, 0
181, 7, 40, 94, 4, 0, 55.00%, 17, 18, 10, 518.06, 127529, 33, 728, 0
186, 7, 41, 94, 3, 0, 55.00%, 17, 18, 10, 598.39, 130834, 33, 754, 0
191, 7, 41, 94, 3, 0, 55.00%, 17, 18, 10, 1272.76, 133924, 33, 766, 0
196, 8, 32, 94, 2, 0, 55.00%, 17, 18, 10, 899.66, 137605, 33, 777, 0
199, 8, 41, 94, 1, 0, 55.00%, 17, 18, 10, 776.44, 139581, 33, 780, 0
